time_stamp	px_state	py_state	v_state	yaw_angle_state	yaw_rate_state	sensor_type	NIS	px_measured	py_measured	px_ground_truth	py_ground_truth	vx_ground_truth	vy_ground_truth
1477010443000000	0.312243	0.58034	0	0	0	lidar	0	0.312243	0.58034	0.6	0.6	5.19994	0
1477010443050000	0.613671	0.449288	3.17049	-0.166495	-0.135512	radar	197.288	0.862916	0.534212	0.859997	0.600045	5.19975	0.00179686
1477010443100000	0.805794	0.46505	3.36722	-0.140159	-0.109363	lidar	6.65679	1.17385	0.481073	1.11998	0.600225	5.19943	0.00538996
1477010443150000	1.06698	0.442168	4.80294	-0.114185	-0.071317	radar	6.37868	0.969149	0.397513	1.37996	0.600629	5.19898	0.0107781
1477010443200000	1.35233	0.448316	4.99922	-0.0958747	-0.0557861	lidar	6.23	1.65063	0.62469	1.6399	0.601347	5.19839	0.0179597
1477010443250000	1.63544	0.464734	5.38669	-0.0553156	-0.00660451	radar	1.65148	1.62331	0.499091	1.89982	0.60247	5.19766	0.0269323
1477010443300000	1.94793	0.477594	5.52339	-0.0393515	0.00666733	lidar	4.56365	2.18882	0.648739	2.1597	0.604086	5.19678	0.0376932
1477010443350000	2.19282	0.531279	5.19424	0.0174631	0.0793686	radar	3.58638	1.96701	0.557117	2.41954	0.606284	5.19573	0.0502389
1477010443400000	2.48508	0.555375	5.28783	0.0313103	0.0887992	lidar	2.17383	2.65526	0.66598	2.67932	0.609155	5.1945	0.0645654
1477010443450000	2.75284	0.581491	5.27254	0.0477956	0.105146	radar	0.523564	2.92034	0.645898	2.93904	0.612786	5.19309	0.080668
1477010443500000	3.0155	0.600992	5.27	0.0575132	0.111839	lidar	0.0683611	3.01222	0.637046	3.19869	0.617267	5.19147	0.0985415
1477010443550000	3.29475	0.564885	5.25185	0.0257256	0.0519802	radar	2.66846	3.56096	0.485311	3.45825	0.622685	5.18963	0.11818
1477010443600000	3.61367	0.527685	5.41113	-0.00682669	-0.00870495	lidar	6.68613	3.89365	0.311793	3.71772	0.62913	5.18754	0.139576
1477010443650000	3.89815	0.561581	5.48113	0.0149572	0.0282933	radar	1.91232	4.19786	0.698311	3.97708	0.636689	5.18519	0.162724
1477010443700000	4.19559	0.567686	5.54411	0.0156031	0.0260467	lidar	0.701699	4.30935	0.578564	4.23632	0.645449	5.18256	0.187614
1477010443750000	4.45656	0.596327	5.23315	0.03169	0.0513077	radar	1.00517	4.61908	0.68951	4.49542	0.655498	5.17962	0.214238
1477010443800000	4.65066	0.674683	5.05674	0.0826195	0.138233	lidar	7.80675	4.35143	0.899174	4.75437	0.666921	5.17634	0.242587
1477010443850000	4.90675	0.680943	4.89843	0.0792145	0.119758	radar	1.29485	5.20901	0.66599	5.01315	0.679804	5.1727	0.272649
1477010443900000	5.21619	0.6845	5.06371	0.0702897	0.0924487	lidar	5.04373	5.51894	0.648233	5.27175	0.694234	5.16867	0.304413
1477010443950000	5.47706	0.695872	5.35481	0.070517	0.0852992	radar	1.07819	5.22834	0.639362	5.53013	0.710295	5.16422	0.337868
1477010444000000	5.7932	0.710041	5.47989	0.0682769	0.0734022	lidar	2.83191	6.022	0.708619	5.78828	0.728072	5.15932	0.372999
1477010444050000	6.03556	0.656043	5.0055	0.0278144	-0.0024631	radar	3.86728	5.89392	0.373584	6.04618	0.747647	5.15393	0.409793
1477010444100000	6.29157	0.745411	5.02986	0.0781835	0.0824101	lidar	2.71446	6.34249	0.948833	6.30379	0.769103	5.14803	0.448233
1477010444150000	6.54377	0.777104	5.02357	0.0893183	0.094052	radar	0.156579	6.62134	0.836138	6.5611	0.792523	5.14157	0.488305
1477010444200000	6.79259	0.77394	5.01709	0.0781208	0.0680121	lidar	0.234102	6.78214	0.714036	6.81808	0.817988	5.13452	0.52999
1477010444250000	7.03805	0.761976	4.74297	0.0620479	0.0361134	radar	1.5537	7.29121	0.630741	7.07469	0.845578	5.12685	0.573269
1477010444300000	7.24697	0.835634	4.6843	0.101212	0.0959905	lidar	1.64126	7.13735	0.957217	7.3309	0.875373	5.11851	0.618123
1477010444350000	7.5481	0.850634	5.35315	0.0964193	0.0804778	radar	4.71805	8.08349	0.819605	7.58668	0.907449	5.10946	0.664531
1477010444400000	7.81482	0.825162	5.3437	0.0691069	0.0310683	lidar	0.746919	7.80533	0.719126	7.84199	0.941886	5.09966	0.712469
1477010444450000	8.06613	0.843136	4.89127	0.0705671	0.0303374	radar	2.05307	8.40453	0.884557	8.0968	0.978759	5.08907	0.761915
1477010444500000	8.29877	0.854667	4.86349	0.0691939	0.0258931	lidar	0.151672	8.24796	0.840322	8.35106	1.01814	5.07766	0.812843
1477010444550000	8.56967	0.947835	5.44672	0.115202	0.0955165	radar	5.04247	8.45858	1.41118	8.60472	1.06011	5.06537	0.865226
1477010444600000	8.8213	1.00582	5.40667	0.136455	0.121054	lidar	0.442451	8.74615	1.04858	8.85775	1.10473	5.05216	0.919037
1477010444650000	9.11674	1.04803	5.32394	0.143788	0.12294	radar	6.93974	9.8809	1.1419	9.1101	1.15208	5.03798	0.974245
1477010444700000	9.35793	1.07569	5.26663	0.144857	0.115347	lidar	0.605514	9.25579	1.04913	9.36172	1.20223	5.0228	1.03082
1477010444750000	9.64053	1.15667	5.34529	0.173423	0.150191	radar	4.1505	10.1016	1.52474	9.61255	1.25524	5.00656	1.08873
1477010444800000	9.92358	1.29061	5.43193	0.228826	0.222884	lidar	2.48025	10.0484	1.44598	9.86254	1.31118	4.98922	1.14794
1477010444850000	10.1717	1.38664	4.9902	0.26213	0.258329	radar	3.58914	10.5377	1.72555	10.1117	1.37011	4.97074	1.20841
1477010444900000	10.3821	1.45909	4.92216	0.281269	0.268063	lidar	0.958789	10.2492	1.45907	10.3598	1.4321	4.95106	1.2701
1477010444950000	10.6154	1.54108	4.70687	0.303148	0.28166	radar	1.46705	10.9084	1.70343	10.6069	1.49721	4.93014	1.33298
1477010445000000	10.8234	1.55628	4.62607	0.286985	0.236448	lidar	1.17819	10.7313	1.45265	10.853	1.56549	4.90794	1.39701
1477010445050000	11.0942	1.61127	5.10994	0.284015	0.212976	radar	2.69515	11.4783	1.42876	11.0979	1.637	4.8844	1.46213
1477010445100000	11.3851	1.65175	5.19787	0.270512	0.176627	lidar	2.34521	11.587	1.61462	11.3416	1.71179	4.85948	1.52832
1477010445150000	11.6148	1.70437	4.96387	0.272371	0.166583	radar	0.641165	11.4763	1.53917	11.584	1.78992	4.83313	1.59551
1477010445200000	11.8401	1.76424	4.92726	0.277824	0.162227	lidar	0.223053	11.7788	1.74591	11.8251	1.87144	4.80531	1.66366
1477010445250000	12.0978	1.86198	5.27267	0.298853	0.180855	radar	1.04944	12.136	2.14937	12.0647	1.95639	4.77598	1.73273
1477010445300000	12.3489	1.8806	5.22612	0.273828	0.13004	lidar	0.708143	12.3226	1.78353	12.3029	2.04482	4.74508	1.80265
1477010445350000	12.605	1.94078	5.33549	0.272825	0.118436	radar	0.299412	12.5457	1.77728	12.5394	2.13677	4.71257	1.87338
1477010445400000	12.8063	2.08671	5.26053	0.326976	0.189706	lidar	3.18787	12.5924	2.17509	12.7743	2.23227	4.67842	1.94485
1477010445450000	13.0742	2.20918	5.51285	0.35338	0.214223	radar	1.94358	13.2198	2.6644	13.0075	2.33137	4.64258	2.01701
1477010445500000	13.2828	2.35598	5.44361	0.398401	0.264851	lidar	2.34822	13.0875	2.40708	13.2388	2.43409	4.605	2.08981
1477010445550000	13.4539	2.50563	4.81834	0.451016	0.32713	radar	9.3267	12.7087	3.12439	13.4682	2.54047	4.56565	2.16317
1477010445600000	13.6992	2.61081	4.88587	0.461779	0.319076	lidar	1.02185	13.836	2.62479	13.6955	2.65053	4.52448	2.23703
1477010445650000	13.9187	2.72461	4.98939	0.478164	0.318981	radar	0.125653	13.8302	2.73893	13.9208	2.7643	4.48147	2.31134
1477010445700000	14.1477	2.8783	5.05723	0.512383	0.345981	lidar	0.48756	14.2106	2.94205	14.1439	2.88179	4.43656	2.38601
1477010445750000	14.3973	3.00344	5.42828	0.519752	0.328552	radar	0.793872	14.5568	2.87021	14.3646	3.00303	4.38974	2.46099
1477010445800000	14.6099	3.05368	5.25992	0.494869	0.267095	lidar	2.6292	14.4616	2.90734	14.583	3.12802	4.34097	2.5362
1477010445850000	14.8383	3.22777	5.41725	0.53273	0.303051	radar	2.92248	14.6754	3.96041	14.7989	3.25679	4.29021	2.61157
1477010445900000	15.0546	3.42621	5.46828	0.581558	0.352977	lidar	0.555041	15.0261	3.5067	15.0122	3.38932	4.23744	2.68703
1477010445950000	15.2638	3.60234	5.16446	0.619352	0.386944	radar	2.2371	15.3685	4.14761	15.2228	3.52563	4.18263	2.76249
1477010446000000	15.4775	3.78237	5.22257	0.651571	0.406228	lidar	0.263141	15.5236	3.82936	15.4306	3.66572	4.12575	2.83789
1477010446050000	15.6876	3.91575	5.22113	0.656763	0.383084	radar	1.20716	15.7234	3.4105	15.6355	3.80957	4.06678	2.91315
1477010446100000	15.9122	4.04096	5.19745	0.653374	0.349915	lidar	0.38357	15.9774	4.00094	15.8375	3.95719	4.00571	2.98817
1477010446150000	16.1108	4.19314	4.92852	0.671837	0.354284	radar	0.848437	16.3376	4.21632	16.0363	4.10854	3.94251	3.0629
1477010446200000	16.3016	4.38607	4.99725	0.707878	0.381746	lidar	0.292926	16.3313	4.44499	16.2319	4.26363	3.87716	3.13723
1477010446250000	16.513	4.554	5.2169	0.719946	0.36955	radar	0.77967	16.7586	4.48231	16.4242	4.42242	3.80966	3.21109
1477010446300000	16.6903	4.71173	5.15516	0.735161	0.364078	lidar	0.486406	16.6039	4.67344	16.613	4.5849	3.74	3.28438
1477010446350000	16.8501	4.87853	4.60857	0.765293	0.388516	radar	1.42301	16.9236	5.10119	16.7983	4.75103	3.66817	3.35704
1477010446400000	16.9999	5.11028	4.72459	0.821947	0.443885	lidar	0.770212	16.9955	5.21099	16.9799	4.92077	3.59416	3.42897
1477010446450000	17.1751	5.26397	4.86008	0.826403	0.41516	radar	1.58301	17.3421	4.64623	17.1579	5.09409	3.51797	3.50008
1477010446500000	17.3284	5.44375	4.84391	0.84948	0.418257	lidar	0.0854795	17.2894	5.43542	17.3319	5.27094	3.4396	3.57028
1477010446550000	17.4906	5.58986	4.75433	0.851949	0.390725	radar	2.6112	17.6463	4.74597	17.5019	5.45128	3.35907	3.63949
1477010446600000	17.6813	5.70175	4.6616	0.828588	0.328022	lidar	1.1493	17.7853	5.62476	17.6679	5.63506	3.27637	3.70762
1477010446650000	17.8341	5.87738	4.54502	0.848888	0.335625	radar	0.380079	17.9216	6.07151	17.8297	5.82221	3.19151	3.77458
1477010446700000	18.0016	6.08758	4.662	0.87657	0.353232	lidar	1.2415	18.1263	6.16985	17.9872	6.01269	3.10453	3.84027
1477010446750000	18.1556	6.29275	4.82559	0.90124	0.362574	radar	0.993578	18.1245	6.79027	18.1402	6.20641	3.01542	3.90462
1477010446800000	18.2725	6.56095	4.95637	0.96449	0.428737	lidar	1.01045	18.2164	6.66138	18.2888	6.40332	2.92421	3.96753
1477010446850000	18.4065	6.77277	4.88911	0.99232	0.440041	radar	0.274274	18.4022	7.02231	18.4328	6.60333	2.83093	4.0289
1477010446900000	18.5555	6.88907	4.68751	0.9696	0.373697	lidar	1.24961	18.5422	6.76013	18.572	6.80638	2.7356	4.08867
1477010446950000	18.7048	7.10284	4.99113	0.984657	0.365147	radar	0.570321	18.8089	7.24388	18.7064	7.01237	2.63825	4.14672
1477010447000000	18.9129	7.23345	4.89417	0.943682	0.280313	lidar	3.41217	19.1441	7.18344	18.8359	7.22122	2.53893	4.20299
1477010447050000	19.0096	7.40743	4.39924	0.97107	0.304481	radar	3.05189	18.5479	7.4012	18.9604	7.43283	2.43767	4.25737
1477010447100000	19.0837	7.71205	4.63347	1.05384	0.403548	lidar	2.30911	19.0138	7.8688	19.0798	7.64712	2.3345	4.3098
1477010447150000	19.2081	7.91372	4.79902	1.06534	0.387603	radar	0.303711	19.3089	7.67375	19.1939	7.86397	2.22949	4.36017
1477010447200000	19.2817	8.143	4.79968	1.10721	0.418633	lidar	1.25592	19.132	8.12845	19.3028	8.08329	2.12266	4.40842
1477010447250000	19.3783	8.35639	4.94434	1.12641	0.411099	radar	1.95221	19.0239	8.17194	19.4062	8.30497	2.01409	4.45445
1477010447300000	19.4791	8.48228	4.66801	1.1118	0.356525	lidar	2.909	19.347	8.30741	19.5042	8.5289	1.90381	4.49819
1477010447350000	19.5774	8.67516	4.52152	1.12665	0.353814	radar	0.340344	19.6843	8.35902	19.5966	8.75494	1.7919	4.53956
1477010447400000	19.7409	8.85206	4.51544	1.10614	0.301417	lidar	3.90189	20.0039	8.8906	19.6835	8.983	1.67841	4.57848
1477010447450000	19.824	9.05647	4.33193	1.13217	0.320776	radar	0.720467	19.6061	9.48659	19.7645	9.21294	1.56341	4.61488
1477010447500000	19.9451	9.31128	4.52242	1.15549	0.335902	lidar	3.66197	20.1574	9.45949	19.8398	9.44463	1.44697	4.64869
1477010447550000	20.0035	9.50689	4.18597	1.18794	0.36405	radar	1.47919	19.6163	9.76606	19.9093	9.67795	1.32916	4.67984
1477010447600000	20.0753	9.77526	4.38961	1.23325	0.406484	lidar	1.51566	20.1573	9.90876	19.9728	9.91275	1.21005	4.70826
1477010447650000	20.1318	10.0418	4.78308	1.273	0.429569	radar	7.56619	19.1911	11.5493	20.0303	10.1489	1.08972	4.73389
1477010447700000	20.1703	10.3523	5.00389	1.33333	0.487835	lidar	1.03066	20.166	10.4687	20.0818	10.3863	0.968259	4.75666
1477010447750000	20.1866	10.5845	4.67165	1.38262	0.533285	radar	2.38007	19.6775	10.803	20.1271	10.6247	0.845742	4.77652
1477010447800000	20.2357	10.8767	4.87618	1.42256	0.556047	lidar	2.04565	20.371	11.0109	20.1663	10.864	0.722256	4.7934
1477010447850000	20.2515	11.163	5.17188	1.46383	0.570532	radar	4.66463	19.4335	12.3402	20.1993	11.1041	0.597892	4.80727
1477010447900000	20.2935	11.385	5.05636	1.47541	0.545374	lidar	0.159995	20.3164	11.3483	20.2261	11.3449	0.472738	4.81807
1477010447950000	20.2462	11.6195	4.52098	1.54881	0.631225	radar	8.09974	19.2063	12.2418	20.2466	11.5861	0.346889	4.82575
1477010448000000	20.322	11.8348	4.47324	1.54457	0.58356	lidar	5.23751	20.6141	11.9422	20.2608	11.8275	0.220439	4.83027
1477010448050000	20.3331	12.0948	5.1783	1.55361	0.529474	radar	4.14655	19.966	11.9688	20.2687	12.0692	0.093487	4.83159
1477010448100000	20.3112	12.4126	5.38658	1.59967	0.560459	lidar	0.531037	20.3263	12.4966	20.2701	12.3108	-0.0338694	4.82968
1477010448150000	20.2604	12.6458	4.87043	1.65982	0.629776	radar	2.51614	20.0192	12.4823	20.2652	12.5522	-0.161529	4.82451
1477010448200000	20.3006	12.8501	4.70166	1.65713	0.581527	lidar	2.32862	20.498	12.8924	20.254	12.7933	-0.28939	4.81605
1477010448250000	20.2995	13.0659	4.69427	1.67062	0.554303	radar	2.17059	20.9151	12.2555	20.2363	13.0339	-0.417348	4.80428
1477010448300000	20.2713	13.2574	4.54809	1.69423	0.544896	lidar	0.775689	20.1943	13.1688	20.2122	13.2738	-0.545298	4.78918
1477010448350000	20.232	13.4954	4.77583	1.71816	0.529619	radar	1.3639	19.858	13.5236	20.1818	13.5129	-0.673135	4.77072
1477010448400000	20.2032	13.7744	4.92523	1.74347	0.532208	lidar	1.52557	20.3245	13.8896	20.1449	13.7509	-0.800753	4.74892
1477010448450000	20.1546	13.9895	4.70624	1.77614	0.548169	radar	0.755184	20.3387	13.5307	20.1017	13.9878	-0.928043	4.72374
1477010448500000	20.0888	14.263	4.87757	1.81215	0.564134	lidar	0.41764	20.1216	14.337	20.0521	14.2233	-1.0549	4.69521
1477010448550000	20.0149	14.4946	4.9152	1.84322	0.564039	radar	1.31084	19.6717	14.4038	19.9962	14.4573	-1.18121	4.66331
1477010448600000	19.8914	14.7741	5.13821	1.89582	0.600927	lidar	0.800096	19.781	14.773	19.934	14.6897	-1.30687	4.62805
1477010448650000	19.8232	14.9927	5.17445	1.90708	0.555614	radar	3.37809	20.1149	14.0165	19.8655	14.9202	-1.43177	4.58944
1477010448700000	19.8226	15.173	4.81769	1.89822	0.501793	lidar	2.48865	20.0208	15.2053	19.7908	15.1486	-1.55581	4.54751
1477010448750000	19.7295	15.3315	3.96449	1.96755	0.617005	radar	6.02369	20.0157	15.3443	19.7099	15.3749	-1.67887	4.50226
1477010448800000	19.7195	15.4819	3.74595	1.97015	0.576992	lidar	2.40388	19.9131	15.554	19.6229	15.5989	-1.80085	4.45372
1477010448850000	19.6552	15.6514	3.87131	1.98437	0.541463	radar	1.28011	19.9388	15.0864	19.5298	15.8203	-1.92164	4.40193
1477010448900000	19.5126	15.9162	4.29107	2.03247	0.577552	lidar	0.92793	19.4748	16.0098	19.4307	16.039	-2.04114	4.3469
1477010448950000	19.417	16.1205	4.52318	2.04087	0.522832	radar	1.72786	19.1556	16.0022	19.3257	16.2549	-2.15925	4.28868
1477010449000000	19.2978	16.3146	4.52723	2.07346	0.531163	lidar	0.286218	19.238	16.2719	19.2148	16.4679	-2.27586	4.22731
1477010449050000	19.1894	16.4996	4.4385	2.10407	0.542422	radar	0.208725	19.4007	16.2962	19.0981	16.6777	-2.39087	4.16284
1477010449100000	19.0226	16.7599	4.79714	2.1431	0.563554	lidar	0.588045	19.0029	16.8387	18.9757	16.8841	-2.50418	4.0953
1477010449150000	18.8588	16.9552	4.61187	2.2195	0.685796	radar	6.41504	18.8373	17.7112	18.8477	17.0872	-2.61571	4.02476
1477010449200000	18.6337	17.2488	5.19328	2.26717	0.710321	lidar	1.56196	18.6148	17.3832	18.7142	17.2866	-2.72534	3.95127
1477010449250000	18.5438	17.4494	5.10075	2.22543	0.525485	radar	6.18903	18.8177	17.0316	18.5752	17.4822	-2.83299	3.87489
1477010449300000	18.3079	17.669	5.36437	2.27384	0.552073	lidar	3.08783	18.1023	17.5529	18.4309	17.674	-2.93858	3.79568
1477010449350000	18.1538	17.8791	5.41003	2.27203	0.476002	radar	1.77769	18.2749	17.4877	18.2814	17.8617	-3.042	3.71372
1477010449400000	18.0667	18.0228	4.96896	2.28099	0.45626	lidar	1.43654	18.2094	18.0461	18.1268	18.0453	-3.14318	3.62906
1477010449450000	17.9046	18.159	4.71555	2.33139	0.523276	radar	2.4863	18.3021	17.498	17.9671	18.2246	-3.24204	3.5418
1477010449500000	17.821	18.2556	4.25999	2.3491	0.509084	lidar	0.761794	17.9018	18.2183	17.8026	18.3994	-3.3385	3.45199
1477010449550000	17.7174	18.4069	4.12655	2.35467	0.473566	radar	6.22549	18.8558	18.1364	17.6334	18.5697	-3.43247	3.35973
1477010449600000	17.4701	18.6427	4.70238	2.38482	0.484626	lidar	1.12147	17.3845	18.7039	17.4595	18.7353	-3.5239	3.26509
1477010449650000	17.3042	18.7682	4.57005	2.42581	0.524053	radar	1.8153	17.7945	18.0801	17.281	18.8962	-3.61271	3.16817
1477010449700000	17.1536	18.8962	4.43949	2.4507	0.522069	lidar	0.0594464	17.1762	18.8863	17.0983	19.0521	-3.69883	3.06904
1477010449750000	16.9888	19.0642	4.48999	2.46163	0.494627	radar	3.03833	16.9398	19.7311	16.9113	19.203	-3.78221	2.9678
1477010449800000	16.7502	19.2006	4.67941	2.50357	0.51536	lidar	2.87963	16.5734	19.052	16.7201	19.3488	-3.86278	2.86455
1477010449850000	16.5449	19.3664	4.8374	2.52917	0.524801	radar	3.2847	16.1674	20.2201	16.5251	19.4894	-3.9405	2.75938
1477010449900000	16.2784	19.5627	5.21849	2.5517	0.518247	lidar	0.496498	16.2338	19.6171	16.3262	19.6246	-4.01531	2.65237
1477010449950000	16.0565	19.642	5.10161	2.60964	0.577841	radar	10.2228	16.4366	18.2742	16.1237	19.7545	-4.08716	2.54364
1477010450000000	15.8517	19.7831	5.08109	2.63041	0.568682	lidar	0.681783	15.9243	19.8703	15.9176	19.8789	-4.15602	2.43329
1477010450050000	15.6836	19.8937	4.67354	2.63171	0.494254	radar	3.23662	16.2328	19.2166	15.7082	19.9978	-4.22185	2.32141
1477010450100000	15.4256	20.069	5.00525	2.64326	0.475055	lidar	0.891041	15.4332	20.1836	15.4956	20.111	-4.28461	2.2081
1477010450150000	15.1859	20.2306	5.15625	2.65103	0.447589	radar	5.22795	14.3677	21.3406	15.2799	20.2185	-4.34427	2.09347
1477010450200000	15.043	20.3302	4.81386	2.66774	0.445391	lidar	2.147	15.2016	20.4385	15.0613	20.3203	-4.4008	1.97763
1477010450250000	14.8123	20.4111	4.88333	2.71032	0.487046	radar	2.29704	14.7476	19.9571	14.84	20.4162	-4.4542	1.86068
1477010450300000	14.6043	20.5251	4.85971	2.72753	0.478929	lidar	0.576013	14.6665	20.6088	14.6161	20.5063	-4.50443	1.74272
1477010450350000	14.3472	20.6255	5.11425	2.76415	0.513969	radar	1.14454	13.841	21.0031	14.3897	20.5904	-4.55149	1.62386
1477010450400000	14.1068	20.6923	5.07439	2.79954	0.526243	lidar	0.692737	14.0521	20.5924	14.1611	20.6686	-4.59537	1.50421
1477010450450000	13.8554	20.7735	5.1957	2.83311	0.54645	radar	0.169847	13.8232	20.859	13.9304	20.7408	-4.63606	1.38386
1477010450500000	13.5684	20.8398	5.31981	2.86745	0.552277	lidar	1.24769	13.4686	20.7253	13.6977	20.807	-4.67357	1.26294
1477010450550000	13.3038	20.8819	5.50383	2.9186	0.608123	radar	1.66262	13.8263	20.4261	13.4632	20.8671	-4.70789	1.14153
1477010450600000	13.0851	20.8984	5.26067	2.96291	0.630875	lidar	0.408699	13.1072	20.8294	13.2271	20.9211	-4.73904	1.01975
1477010450650000	12.8583	20.9566	5.0415	2.98232	0.606752	radar	2.05392	13.2669	21.1579	12.9895	20.969	-4.76702	0.897694
1477010450700000	12.7136	20.969	4.64134	3.02229	0.63115	lidar	2.12776	12.8729	21.0592	12.7506	21.0108	-4.79186	0.775469
1477010450750000	12.4525	21.015	4.79761	3.04522	0.617769	radar	2.63142	11.5171	21.6724	12.5106	21.0465	-4.81358	0.653175
1477010450800000	12.1998	21.0547	4.8635	3.06749	0.604679	lidar	0.181047	12.2062	21.11	12.2695	21.0761	-4.83219	0.530912
1477010450850000	11.9686	21.0719	4.87184	3.09904	0.611335	radar	0.897956	12.3859	21.1066	12.0276	21.0996	-4.84773	0.408778
1477010450900000	11.7366	21.0349	4.80131	3.14976	0.639277	lidar	1.72767	11.6814	20.8651	11.785	21.117	-4.86022	0.286869
1477010450950000	11.4984	21.0173	4.74928	3.18626	0.643111	radar	1.03027	11.5265	20.6748	11.5418	21.1283	-4.86971	0.165281
1477010451000000	11.2963	21.0056	4.63092	3.22113	0.651001	lidar	0.482209	11.363	21.0688	11.2982	21.1335	-4.87623	0.0441057
1477010451050000	11.0448	20.9648	4.68392	3.25972	0.655658	radar	4.13961	10.5558	20.5567	11.0544	21.1327	-4.87982	-0.076565
1477010451100000	10.8464	20.9234	4.57069	3.3021	0.672471	lidar	0.149198	10.8903	20.927	10.8105	21.1259	-4.88053	-0.196643
1477010451150000	10.6146	20.9114	4.21623	3.31296	0.623482	radar	5.05641	9.30535	21.3896	10.5666	21.1131	-4.8784	-0.31604
1477010451200000	10.2793	20.9708	4.62322	3.27683	0.519724	lidar	4.43104	10.189	21.209	10.3229	21.0943	-4.87349	-0.434674
1477010451250000	10.0477	20.9478	4.70421	3.29949	0.518908	radar	1.03917	9.97958	21.2932	10.0795	21.0697	-4.86585	-0.552463
1477010451300000	9.88427	20.9039	4.47512	3.3407	0.546911	lidar	1.13516	9.99634	20.9797	9.83658	21.0391	-4.85554	-0.669327
1477010451350000	9.68003	20.8786	4.14567	3.35353	0.516762	radar	0.896179	9.38223	21.111	9.59422	21.0028	-4.84262	-0.785189
1477010451400000	9.49945	20.836	4.07585	3.38279	0.523795	lidar	0.184049	9.53921	20.8762	9.35258	20.9607	-4.82714	-0.899977
1477010451450000	9.29741	20.7857	4.32438	3.41317	0.538124	radar	1.50481	9.63392	20.9724	9.11177	20.9128	-4.80919	-1.01362
1477010451500000	8.91899	20.7846	4.83713	3.37208	0.431292	lidar	3.86778	8.70331	20.8221	8.87192	20.8594	-4.78881	-1.12605
1477010451550000	8.7171	20.7007	4.79705	3.4164	0.467719	radar	4.28971	9.84634	20.009	8.63315	20.8003	-4.76608	-1.2372
1477010451600000	8.38767	20.6301	5.13109	3.41754	0.427703	lidar	2.91593	8.22277	20.4839	8.39557	20.7358	-4.74108	-1.34701
1477010451650000	8.14615	20.5555	5.13473	3.44188	0.432878	radar	0.0629447	8.29647	20.4978	8.1593	20.6657	-4.71387	-1.45542
1477010451700000	7.89768	20.4741	5.1502	3.46429	0.433226	lidar	0.0386753	7.88599	20.45	7.92445	20.5903	-4.68453	-1.56237
1477010451750000	7.66947	20.395	5.27703	3.49259	0.452367	radar	3.25039	8.29081	20.6565	7.69111	20.5096	-4.65313	-1.66781
1477010451800000	7.30448	20.3448	5.63902	3.46726	0.37886	lidar	1.52583	7.18029	20.392	7.45939	20.4237	-4.61975	-1.7717
1477010451850000	7.04578	20.2572	5.46823	3.4818	0.36571	radar	0.303312	7.09214	20.1196	7.22939	20.3326	-4.58448	-1.87399
1477010451900000	6.79924	20.1667	5.4336	3.50206	0.36944	lidar	0.0368613	6.81542	20.1859	7.00119	20.2364	-4.54738	-1.97462
1477010451950000	6.5636	20.0778	5.31183	3.52016	0.368201	radar	0.606434	6.89359	20.1536	6.7749	20.1352	-4.50854	-2.07357
1477010452000000	6.34783	19.9792	5.21428	3.54625	0.381514	lidar	0.184472	6.38914	20.0137	6.55059	20.0292	-4.46805	-2.17079
1477010452050000	6.12866	19.8872	5.22942	3.56801	0.391722	radar	3.13665	6.67637	20.2142	6.32834	19.9183	-4.42598	-2.26625
1477010452100000	5.87356	19.7903	5.27618	3.57797	0.377573	lidar	0.11097	5.86119	19.8306	6.10823	19.8027	-4.38241	-2.35993
1477010452150000	5.60703	19.6536	5.63319	3.60388	0.394553	radar	1.25868	5.28178	19.5036	5.89034	19.6824	-4.33744	-2.45178
1477010452200000	5.50569	19.5112	5.18833	3.6725	0.4755	lidar	2.89404	5.69089	19.5755	5.67472	19.5577	-4.29114	-2.5418
1477010452250000	5.3082	19.3616	5.14653	3.71014	0.497014	radar	1.8866	5.9506	18.9859	5.46145	19.4284	-4.24359	-2.62995
1477010452300000	5.11332	19.2568	5.05007	3.72877	0.492524	lidar	1.96807	5.17021	19.4397	5.25059	19.2948	-4.19488	-2.71622
1477010452350000	4.95598	19.1389	4.68566	3.75854	0.499588	radar	4.2212	5.87397	19.301	5.04219	19.157	-4.1451	-2.80059
1477010452400000	4.82207	18.9915	4.54969	3.80662	0.53647	lidar	0.394139	4.89149	18.982	4.8363	19.015	-4.09432	-2.88305
1477010452450000	4.6046	18.8421	4.91995	3.82448	0.526379	radar	1.66943	3.98679	19.0452	4.63297	18.8689	-4.04263	-2.96359
1477010452500000	4.43035	18.7096	4.84924	3.84777	0.524857	lidar	0.910352	4.4685	18.834	4.43224	18.7188	-3.99012	-3.0422
1477010452550000	4.27533	18.5621	4.54545	3.87746	0.526476	radar	0.840351	4.69245	18.4634	4.23416	18.5648	-3.93685	-3.11888
1477010452600000	4.16981	18.4143	4.3894	3.92691	0.564406	lidar	0.850639	4.26269	18.481	4.03876	18.4071	-3.88293	-3.19362
1477010452650000	3.9657	18.2471	5.11592	3.94284	0.554936	radar	5.52107	3.42434	18.8357	3.84606	18.2457	-3.82841	-3.26644
1477010452700000	3.64869	18.0966	5.36299	3.89665	0.442599	lidar	3.11712	3.45919	18.167	3.65611	18.0807	-3.77339	-3.33732
1477010452750000	3.50118	17.9473	4.7444	3.91794	0.432165	radar	3.50825	4.3011	17.9267	3.46891	17.9122	-3.71795	-3.40627
1477010452800000	3.24571	17.7836	4.954	3.89934	0.370407	lidar	1.16267	3.12525	17.7493	3.28449	17.7402	-3.66215	-3.47331
1477010452850000	3.03876	17.6044	5.34982	3.91316	0.370198	radar	1.67353	2.65664	17.888	3.10287	17.565	-3.60609	-3.53844
1477010452900000	2.87456	17.4846	5.17621	3.92222	0.363035	lidar	6.15188	2.9449	17.8154	2.92405	17.3866	-3.54982	-3.60167
1477010452950000	2.71097	17.2724	5.46405	3.96302	0.402308	radar	1.80932	3.26647	17.0897	2.74805	17.2051	-3.49344	-3.66302
1477010453000000	2.53846	17.0731	5.43361	3.98788	0.409683	lidar	0.0263423	2.55407	17.0853	2.57486	17.0205	-3.437	-3.72251
1477010453050000	2.38853	16.9065	4.77575	4.0019	0.390718	radar	1.53211	2.55039	16.8884	2.4045	16.833	-3.38059	-3.78014
1477010453100000	2.2398	16.7435	4.73066	4.01882	0.388817	lidar	0.445344	2.25371	16.8334	2.23695	16.6427	-3.32428	-3.83595
1477010453150000	2.06462	16.5418	4.73927	4.03085	0.373772	radar	4.26248	1.57735	16.0489	2.07221	16.4497	-3.26812	-3.88995
1477010453200000	1.911	16.3141	4.8334	4.05853	0.382892	lidar	2.36249	1.88972	16.1054	1.91027	16.254	-3.21219	-3.94216
1477010453250000	1.76858	16.1359	4.6952	4.0737	0.375979	radar	0.263232	1.74362	16.2687	1.75112	16.0557	-3.15656	-3.99261
1477010453300000	1.5508	15.9744	4.79809	4.04752	0.310832	lidar	1.52056	1.44745	16.0853	1.59474	15.8549	-3.10129	-4.04132
1477010453350000	1.40373	15.7436	5.31202	4.08076	0.344019	radar	1.57111	1.6097	15.5526	1.44111	15.6517	-3.04644	-4.08832
1477010453400000	1.22257	15.5124	5.39756	4.0896	0.32985	lidar	0.486585	1.18395	15.4284	1.29021	15.4463	-2.99207	-4.13364
1477010453450000	1.05809	15.3213	5.12948	4.09086	0.303516	radar	1.01357	0.828993	15.528	1.14201	15.2386	-2.93825	-4.1773
1477010453500000	0.829751	15.0966	5.32645	4.0709	0.248901	lidar	1.30784	0.722706	15.0075	0.996486	15.0288	-2.88503	-4.21933
1477010453550000	0.698932	14.9175	4.95118	4.08384	0.246202	radar	2.04231	1.03147	15.2134	0.853604	14.8169	-2.83246	-4.25977
1477010453600000	0.634592	14.7147	4.78518	4.13559	0.30515	lidar	0.841138	0.737301	14.7047	0.71333	14.603	-2.78061	-4.29864
1477010453650000	0.50484	14.4727	5.27519	4.16506	0.330738	radar	1.71221	0.722177	14.2445	0.575628	14.3872	-2.72952	-4.33598
1477010453700000	0.319377	14.2397	5.38299	4.15879	0.295822	lidar	0.412098	0.253435	14.2029	0.440459	14.1696	-2.67925	-4.37181
1477010453750000	0.159948	13.9873	5.7476	4.1732	0.300005	radar	0.636002	-0.0328023	13.9604	0.307779	13.9502	-2.62984	-4.40617
1477010453800000	0.208475	13.732	5.40114	4.28523	0.445762	lidar	5.07448	0.459172	13.6856	0.177545	13.7292	-2.58135	-4.43909
1477010453850000	0.0950711	13.491	5.42766	4.30471	0.442413	radar	0.262566	0.0524412	13.6377	0.0497099	13.5065	-2.53381	-4.47061
1477010453900000	-0.0868451	13.2486	5.52555	4.28714	0.382939	lidar	0.901613	-0.190344	13.2856	-0.0757753	13.2823	-2.48728	-4.50075
1477010453950000	-0.199534	13.0326	5.05872	4.29551	0.36161	radar	0.945502	-0.275043	13.1456	-0.198962	13.0566	-2.44179	-4.52955
1477010454000000	-0.153654	12.8271	4.78146	4.38388	0.469842	lidar	3.66714	0.0462308	12.9301	-0.319903	12.8295	-2.39739	-4.55704
1477010454050000	-0.262073	12.5989	4.6758	4.38934	0.440522	radar	2.12083	-0.684792	12.3563	-0.438654	12.6011	-2.35412	-4.58326
1477010454100000	-0.390776	12.3732	4.74805	4.38181	0.395961	lidar	0.548522	-0.476482	12.3633	-0.555273	12.3714	-2.31202	-4.60823
1477010454150000	-0.504786	12.1655	4.76619	4.37797	0.361829	radar	3.26442	-0.972122	12.5207	-0.669818	12.1404	-2.27111	-4.63198
1477010454200000	-0.580548	11.9577	4.72447	4.39408	0.360124	lidar	0.352621	-0.582624	12.0386	-0.78235	11.9083	-2.23144	-4.65456
1477010454250000	-0.706213	11.7261	4.83235	4.38304	0.316492	radar	2.84377	-1.26757	11.6495	-0.892931	11.6751	-2.19304	-4.67598
1477010454300000	-0.93567	11.4745	5.06299	4.31526	0.190644	lidar	4.42424	-1.17212	11.3988	-1.00163	11.4409	-2.15594	-4.69628
1477010454350000	-1.02169	11.2485	4.75253	4.32537	0.185733	radar	1.49037	-0.891441	10.959	-1.1085	11.2057	-2.12017	-4.71549
1477010454400000	-1.22198	11.0242	4.93212	4.27256	0.0940097	lidar	2.1539	-1.39289	11.0424	-1.21362	10.9695	-2.08575	-4.73364
1477010454450000	-1.32251	10.7748	5.41999	4.29138	0.123409	radar	1.11779	-1.29894	10.9012	-1.31706	10.7324	-2.05273	-4.75075
1477010454500000	-1.46276	10.5064	5.52295	4.28387	0.101839	lidar	0.513873	-1.49687	10.4198	-1.41889	10.4945	-2.02111	-4.76686
1477010454550000	-1.5815	10.2366	5.66904	4.29093	0.105904	radar	0.603511	-1.59293	10.0212	-1.51917	10.2559	-1.99093	-4.78198
1477010454600000	-1.65283	10.0295	5.46685	4.31348	0.134856	lidar	2.50813	-1.61875	10.2374	-1.61797	10.0165	-1.96221	-4.79615
1477010454650000	-1.7344	9.80247	5.20843	4.32714	0.142973	radar	0.701437	-1.59702	9.96554	-1.71539	9.77637	-1.93498	-4.80939
1477010454700000	-1.78364	9.59513	5.04457	4.3555	0.176786	lidar	1.01544	-1.73381	9.71347	-1.81147	9.53564	-1.90924	-4.82172
1477010454750000	-1.92568	9.33305	5.44538	4.3422	0.147356	radar	1.98009	-2.27191	9.37316	-1.90631	9.29431	-1.88502	-4.83316
1477010454800000	-2.00654	9.02652	5.54829	4.36431	0.165561	lidar	3.78314	-1.93833	8.77028	-1.99998	9.05243	-1.86233	-4.84374
1477010454850000	-2.07526	8.81098	5.11002	4.37583	0.165877	radar	1.94798	-1.96565	9.13274	-2.09256	8.81003	-1.8412	-4.85347
1477010454900000	-2.16779	8.56364	5.1406	4.3803	0.159603	lidar	0.0363256	-2.1768	8.5411	-2.18412	8.56717	-1.82164	-4.86238
1477010454950000	-2.31573	8.29854	5.33788	4.3569	0.111302	radar	2.29156	-2.65862	8.19477	-2.27474	8.32388	-1.80365	-4.87047
1477010455000000	-2.33025	8.08146	5.13193	4.40049	0.171256	lidar	1.2739	-2.21875	8.15339	-2.3645	8.0802	-1.78726	-4.87778
1477010455050000	-2.36543	7.8828	4.95846	4.42805	0.204072	radar	5.34829	-2.273	8.52315	-2.45348	7.83617	-1.77248	-4.8843
1477010455100000	-2.49611	7.62537	5.10533	4.40685	0.155066	lidar	0.768651	-2.59674	7.60288	-2.54177	7.59184	-1.75931	-4.89006
1477010455150000	-2.65786	7.38517	4.90635	4.36209	0.0661193	radar	4.24607	-3.08256	7.38874	-2.62944	7.34723	-1.74777	-4.89507
1477010455200000	-2.76903	7.13269	5.00982	4.35257	0.0448786	lidar	0.353383	-2.79865	7.064	-2.71658	7.10238	-1.73786	-4.89933
1477010455250000	-2.82371	6.90311	5.23381	4.38036	0.0946716	radar	1.81862	-2.79412	7.20818	-2.80326	6.85734	-1.72958	-4.90286
1477010455300000	-2.8344	6.71535	4.92902	4.42086	0.153261	lidar	2.0819	-2.74651	6.86867	-2.88957	6.61214	-1.72295	-4.90566
1477010455350000	-2.85285	6.51548	4.45804	4.44845	0.177688	radar	2.21972	-2.57673	6.36755	-2.97559	6.36681	-1.71797	-4.90774
1477010455400000	-2.91427	6.28594	4.50531	4.45616	0.174445	lidar	0.18115	-2.90217	6.22989	-3.0614	6.12139	-1.71464	-4.90911
1477010455450000	-3.0607	6.02151	4.93217	4.42035	0.108328	radar	4.66236	-3.50172	6.10796	-3.14709	5.87592	-1.71297	-4.90976
1477010455500000	-3.16816	5.72564	5.15661	4.40834	0.0769009	lidar	2.22461	-3.1778	5.53101	-3.23274	5.63043	-1.71295	-4.9097
1477010455550000	-3.2772	5.47569	4.90233	4.38432	0.0196835	radar	1.85215	-3.19736	5.19093	-3.31843	5.38496	-1.71458	-4.90893
1477010455600000	-3.39275	5.20479	5.09563	4.36775	-0.00973142	lidar	0.740099	-3.43031	5.10507	-3.40424	5.13955	-1.71787	-4.90745
1477010455650000	-3.46091	4.95691	5.27558	4.38497	0.0264301	radar	0.335264	-3.4281	4.94644	-3.49026	4.89422	-1.72281	-4.90525
1477010455700000	-3.6105	4.64493	5.63092	4.35671	-0.0219304	lidar	1.56737	-3.69435	4.52196	-3.57657	4.64902	-1.72939	-4.90233
1477010455750000	-3.71621	4.38911	5.37468	4.33932	-0.0649314	radar	1.62179	-3.50501	4.17643	-3.66325	4.40398	-1.73763	-4.89868
1477010455800000	-3.87898	4.09255	5.70949	4.30959	-0.105416	lidar	1.21462	-4.00238	4.04684	-3.75039	4.15913	-1.74749	-4.8943
1477010455850000	-3.93563	3.86744	5.64626	4.34282	-0.0206847	radar	2.10766	-4.06447	4.10977	-3.83806	3.91452	-1.75899	-4.88918
1477010455900000	-3.98083	3.66804	5.23901	4.36024	0.00723303	lidar	1.25055	-3.88053	3.75177	-3.92635	3.67019	-1.77212	-4.8833
1477010455950000	-4.04377	3.50938	4.70493	4.35794	-0.00413229	radar	3.43724	-4.23729	3.88878	-4.01533	3.42616	-1.78686	-4.87666
1477010456000000	-4.1398	3.26371	4.84303	4.35418	-0.0106544	lidar	0.148821	-4.15119	3.21968	-4.10509	3.18248	-1.8032	-4.86925
1477010456050000	-4.26775	2.99002	5.05361	4.33259	-0.0570272	radar	0.896565	-4.27467	2.88187	-4.19571	2.93919	-1.82113	-4.86104
1477010456100000	-4.37543	2.69048	5.35886	4.33042	-0.0598395	lidar	1.36582	-4.32451	2.55034	-4.28727	2.69633	-1.84065	-4.85202
1477010456150000	-4.45566	2.44616	5.32532	4.3433	-0.0226834	radar	0.290549	-4.38481	2.39989	-4.37985	2.45393	-1.86173	-4.84218
1477010456200000	-4.57323	2.15589	5.5695	4.34001	-0.0245351	lidar	0.406445	-4.61223	2.09192	-4.47352	2.21205	-1.88436	-4.83149
1477010456250000	-4.67553	1.93868	5.38914	4.31002	-0.108202	radar	3.86411	-4.29257	1.92854	-4.56836	1.97072	-1.90853	-4.81994
1477010456300000	-4.80795	1.6292	5.74053	4.30638	-0.100729	lidar	0.892888	-4.86829	1.53442	-4.66444	1.72998	-1.93422	-4.80751
1477010456350000	-4.92553	1.38064	5.7023	4.29462	-0.11623	radar	0.160052	-4.98165	1.43611	-4.76186	1.48989	-1.9614	-4.79417
1477010456400000	-4.9711	1.19427	5.21717	4.29343	-0.126332	lidar	5.7185	-4.66779	1.28643	-4.86066	1.25049	-1.99007	-4.7799
1477010456450000	-5.05589	1.01947	4.84274	4.28345	-0.13227	radar	0.822329	-4.98594	1.10894	-4.96095	1.01182	-2.02019	-4.76468
1477010456500000	-5.10651	0.81643	4.66971	4.28685	-0.127039	lidar	3.38476	-4.85498	0.825661	-5.06277	0.77393	-2.05174	-4.74848
1477010456550000	-5.21652	0.45832	5.42934	4.30813	-0.0806104	radar	6.25149	-4.84736	0.18101	-5.16621	0.536876	-2.08471	-4.73127
1477010456600000	-5.2897	0.227655	5.29181	4.30902	-0.0796154	lidar	1.54546	-5.1231	0.257311	-5.27133	0.300706	-2.11906	-4.71303
1477010456650000	-5.44051	-0.0961799	5.85951	4.36917	0.195232	radar	6.62899	-5.99809	-0.290765	-5.3782	0.0654719	-2.15477	-4.69374
1477010456700000	-5.50585	-0.335386	3.85641	4.39116	0.230834	lidar	3.01781	-5.29972	-0.212982	-5.4869	-0.168772	-2.1918	-4.67335
1477010456750000	-5.66644	-0.518989	4.72263	4.30314	-0.0497949	radar	7.14504	-5.64447	-0.144522	-5.59748	-0.401971	-2.23014	-4.65185
1477010456800000	-5.78802	-0.605293	3.87778	4.2165	-0.272794	lidar	2.33653	-5.85359	-0.445801	-5.71001	-0.634069	-2.26974	-4.62919
1477010456850000	-5.92714	-0.875105	4.94801	4.19389	-0.301268	radar	7.45601	-5.30947	-0.724468	-5.82456	-0.865006	-2.31058	-4.60536
1477010456900000	-6.00771	-1.17333	5.21966	4.2508	-0.145629	lidar	1.74112	-5.87835	-1.26863	-5.94118	-1.09472	-2.35262	-4.58032
1477010456950000	-6.08542	-1.47225	5.4131	4.30101	-0.0302872	radar	2.73875	-5.68069	-1.52871	-6.05993	-1.32316	-2.39581	-4.55404
1477010457000000	-6.22398	-1.62585	5.09763	4.23513	-0.154201	lidar	1.26466	-6.27263	-1.50938	-6.18087	-1.55025	-2.44014	-4.52648
1477010457050000	-6.36452	-1.86945	5.65703	4.20838	-0.199569	radar	2.23826	-6.11355	-1.75966	-6.30406	-1.77593	-2.48555	-4.49762
1477010457100000	-6.46701	-2.13841	5.69027	4.22318	-0.161335	lidar	0.905069	-6.34007	-2.13685	-6.42954	-2.00014	-2.532	-4.46742
1477010457150000	-6.62531	-2.30358	5.17702	4.17519	-0.220193	radar	3.15596	-6.99344	-2.17445	-6.55738	-2.22281	-2.57946	-4.43585
1477010457200000	-6.77163	-2.49206	5.09326	4.14482	-0.251103	lidar	0.196248	-6.79288	-2.4458	-6.68761	-2.44386	-2.62788	-4.40288
1477010457250000	-6.9304	-2.69264	5.1555	4.1174	-0.273927	radar	0.671888	-7.14408	-2.67584	-6.82029	-2.66323	-2.6772	-4.36847
1477010457300000	-7.00411	-2.99553	5.29552	4.16693	-0.180742	lidar	3.40949	-6.8003	-3.10086	-6.95546	-2.88084	-2.7274	-4.3326
1477010457350000	-7.13342	-3.21256	5.11372	4.16032	-0.174709	radar	0.114004	-7.13937	-3.22028	-7.09316	-3.09663	-2.7784	-4.29523
1477010457400000	-7.25023	-3.38511	4.97564	4.14056	-0.1958	lidar	1.72674	-7.12118	-3.26434	-7.23344	-3.3105	-2.83017	-4.25632
1477010457450000	-7.39536	-3.647	5.18694	4.14677	-0.16893	radar	4.30191	-7.77186	-4.08999	-7.37632	-3.5224	-2.88265	-4.21586
1477010457500000	-7.55403	-3.74681	4.92128	4.0854	-0.254033	lidar	4.38532	-7.49009	-3.49081	-7.52184	-3.73223	-2.93579	-4.1738
1477010457550000	-7.69878	-3.95453	5.12282	4.07438	-0.254014	radar	0.557157	-7.52393	-3.88213	-7.67004	-3.93992	-2.98953	-4.13012
1477010457600000	-7.8474	-4.20099	5.2133	4.07992	-0.224194	lidar	0.639019	-7.88049	-4.29783	-7.82094	-4.14538	-3.04381	-4.08479
1477010457650000	-7.99829	-4.42159	5.16057	4.07561	-0.211927	radar	0.419813	-8.08524	-4.57834	-7.97457	-4.34854	-3.09857	-4.03778
1477010457700000	-8.15428	-4.67626	5.27458	4.08359	-0.18063	lidar	1.1502	-8.22492	-4.79812	-8.13095	-4.5493	-3.15376	-3.98906
1477010457750000	-8.29727	-4.87061	4.84192	4.0766	-0.173033	radar	0.995869	-8.453	-4.95621	-8.2901	-4.74759	-3.2093	-3.93862
1477010457800000	-8.41418	-5.08661	4.85386	4.08721	-0.143967	lidar	0.404748	-8.33552	-5.1059	-8.45204	-4.94331	-3.26514	-3.88641
1477010457850000	-8.56767	-5.23399	4.725	4.05606	-0.182033	radar	2.43326	-8.55062	-4.79248	-8.61678	-5.13637	-3.32121	-3.83242
1477010457900000	-8.74927	-5.43397	4.81048	4.03811	-0.192837	lidar	1.85294	-8.91477	-5.51752	-8.78433	-5.32669	-3.37745	-3.77663
1477010457950000	-8.9116	-5.62942	4.93891	4.02649	-0.195973	radar	0.289352	-9.04115	-5.69364	-8.95469	-5.51417	-3.43377	-3.71901
1477010458000000	-9.06182	-5.81714	4.92419	4.01826	-0.193998	lidar	0.0533622	-9.03391	-5.80267	-9.12788	-5.69872	-3.49012	-3.65955
1477010458050000	-9.20434	-5.9564	4.67877	3.99493	-0.215901	radar	4.72086	-8.86897	-5.41973	-9.30388	-5.88026	-3.54643	-3.59823
1477010458100000	-9.3745	-6.0382	4.51038	3.93755	-0.288712	lidar	3.08368	-9.30811	-5.82368	-9.4827	-6.05868	-3.60261	-3.53503
1477010458150000	-9.556	-6.22103	4.79333	3.92321	-0.288158	radar	1.3715	-9.80646	-6.41174	-9.66432	-6.23389	-3.6586	-3.46994
1477010458200000	-9.68728	-6.45145	4.84512	3.95245	-0.222778	lidar	1.10102	-9.62547	-6.55958	-9.84874	-6.4058	-3.71431	-3.40295
1477010458250000	-9.91832	-6.60782	5.13449	3.90646	-0.274949	radar	6.26521	-10.6688	-6.35543	-10.0359	-6.57431	-3.76969	-3.33404
1477010458300000	-10.1282	-6.7884	5.18479	3.8853	-0.28485	lidar	0.618124	-10.2246	-6.83402	-10.2259	-6.73933	-3.82463	-3.26321
1477010458350000	-10.3154	-6.94409	5.11253	3.86455	-0.294999	radar	0.677705	-10.2205	-6.71044	-10.4186	-6.90075	-3.87907	-3.19046
1477010458400000	-10.5517	-7.14449	5.25137	3.84814	-0.294938	lidar	3.54841	-10.7616	-7.29159	-10.614	-7.05849	-3.93293	-3.11577
1477010458450000	-10.7618	-7.27577	5.12934	3.81291	-0.325561	radar	1.64359	-10.8944	-6.83335	-10.8121	-7.21245	-3.98613	-3.03916
1477010458500000	-11.0131	-7.4513	5.25459	3.78681	-0.337797	lidar	3.12044	-11.2219	-7.56979	-11.0128	-7.36252	-4.03859	-2.96062
1477010458550000	-11.2007	-7.5842	4.96661	3.76734	-0.342266	radar	1.28791	-10.986	-7.3707	-11.2161	-7.50862	-4.09021	-2.88015
1477010458600000	-11.3307	-7.74361	4.84699	3.78242	-0.296979	lidar	3.40493	-11.0934	-7.6776	-11.422	-7.65064	-4.14093	-2.79777
1477010458650000	-11.5265	-7.86448	4.87715	3.7569	-0.313217	radar	1.61995	-11.4213	-7.46085	-11.6304	-7.78849	-4.19066	-2.71349
1477010458700000	-11.6954	-7.96429	4.75663	3.73345	-0.326017	lidar	2.64527	-11.5269	-7.8215	-11.8413	-7.92208	-4.23932	-2.6273
1477010458750000	-11.8872	-8.07548	4.55357	3.70956	-0.337429	radar	0.380029	-11.9422	-7.88317	-12.0546	-8.05131	-4.28682	-2.53924
1477010458800000	-12.0929	-8.16013	4.53209	3.67105	-0.369041	lidar	0.342409	-12.09	-8.08828	-12.2702	-8.17609	-4.33309	-2.44932
1477010458850000	-12.3298	-8.28167	5.1591	3.64593	-0.377342	radar	1.70111	-12.4462	-8.02117	-12.4881	-8.29633	-4.37802	-2.35756
1477010458900000	-12.5379	-8.37029	5.07764	3.61637	-0.393663	lidar	1.38398	-12.4231	-8.2599	-12.7082	-8.41193	-4.42156	-2.26399
1477010458950000	-12.7415	-8.45327	4.62708	3.58619	-0.410778	radar	1.10674	-12.7461	-8.19449	-12.9304	-8.5228	-4.4636	-2.16863
1477010459000000	-13.0252	-8.54636	4.79411	3.54095	-0.445579	lidar	4.44744	-13.2911	-8.64594	-13.1547	-8.62886	-4.50407	-2.07151
1477010459050000	-13.2875	-8.63651	5.09649	3.50817	-0.45945	radar	2.34259	-13.7929	-8.47158	-13.381	-8.73002	-4.54289	-1.97267
1477010459100000	-13.5064	-8.68965	5.01889	3.47264	-0.478176	lidar	1.52354	-13.384	-8.57583	-13.6092	-8.82619	-4.57997	-1.87214
1477010459150000	-13.716	-8.73019	4.56693	3.43261	-0.504665	radar	2.36497	-13.6376	-8.26344	-13.8392	-8.91729	-4.61524	-1.76997
1477010459200000	-13.9286	-8.85348	4.59316	3.44115	-0.455803	lidar	1.42114	-13.9959	-8.99264	-14.0709	-9.00324	-4.64861	-1.6662
1477010459250000	-14.1982	-8.92784	5.21875	3.41593	-0.456049	radar	1.78227	-14.4737	-8.79552	-14.3043	-9.08395	-4.68001	-1.56086
1477010459300000	-14.4231	-9.06374	5.19532	3.43603	-0.394132	lidar	1.05435	-14.4273	-9.1875	-14.5391	-9.15936	-4.70936	-1.45402
1477010459350000	-14.6493	-9.13638	4.8702	3.41897	-0.392343	radar	0.504183	-14.5757	-9.32634	-14.7754	-9.22939	-4.73658	-1.34573
1477010459400000	-14.9447	-9.12587	4.98406	3.34597	-0.469446	lidar	1.49956	-15.062	-9.04396	-15.013	-9.29397	-4.76161	-1.23603
1477010459450000	-15.211	-9.19585	5.03916	3.32982	-0.459273	radar	4.45542	-15.6189	-9.69365	-15.2517	-9.35302	-4.78436	-1.125
1477010459500000	-15.4734	-9.33221	5.1116	3.35312	-0.393295	lidar	5.24717	-15.6682	-9.56749	-15.4916	-9.40649	-4.80476	-1.01269
1477010459550000	-15.7077	-9.37318	4.70502	3.3272	-0.405835	radar	1.05952	-15.9382	-9.35751	-15.7324	-9.45431	-4.82275	-0.899159
1477010459600000	-15.9543	-9.46266	4.76183	3.33005	-0.373277	lidar	1.97667	-16.0862	-9.59819	-15.9741	-9.49642	-4.83827	-0.784484
1477010459650000	-16.2019	-9.47934	4.74206	3.29451	-0.398333	radar	1.83028	-16.6033	-8.85459	-16.2164	-9.53277	-4.85124	-0.668734
1477010459700000	-16.448	-9.4637	4.7596	3.24596	-0.439325	lidar	0.605047	-16.4229	-9.37029	-16.4594	-9.5633	-4.8616	-0.55198
1477010459750000	-16.6515	-9.47762	4.67562	3.22525	-0.436593	radar	4.70085	-16.011	-9.33486	-16.7027	-9.58797	-4.8693	-0.434301
1477010459800000	-16.9455	-9.44691	4.83683	3.16749	-0.4893	lidar	1.75514	-17.1132	-9.43043	-16.9464	-9.60673	-4.87427	-0.315773
1477010459850000	-17.2009	-9.5063	5.09112	3.17655	-0.437722	radar	7.64349	-16.9255	-10.8571	-17.1903	-9.61954	-4.87646	-0.196479
1477010459900000	-17.4692	-9.52477	5.12966	3.15977	-0.430929	lidar	0.44388	-17.5448	-9.57485	-17.4342	-9.62636	-4.87583	-0.0765024
1477010459950000	-17.726	-9.51811	4.89206	3.12947	-0.447832	radar	1.5819	-18.1371	-9.39146	-17.6781	-9.62717	-4.87232	0.0440703
1477010460000000	-17.9803	-9.4784	4.92945	3.08759	-0.475936	lidar	0.217568	-17.9724	-9.42299	-17.9216	-9.62194	-4.86588	0.165151
1477010460050000	-18.2189	-9.45015	4.79379	3.05575	-0.489658	radar	0.30227	-18.3083	-9.18778	-18.1648	-9.61064	-4.85648	0.286648
1477010460100000	-18.3939	-9.51512	4.58224	3.0861	-0.409296	lidar	1.71866	-18.2763	-9.60997	-18.4074	-9.59325	-4.84408	0.40847
1477010460150000	-18.6286	-9.50354	4.90891	3.07237	-0.394702	radar	1.661	-18.2443	-9.58547	-18.6493	-9.56977	-4.82864	0.530522
1477010460200000	-18.888	-9.48669	4.95004	3.05314	-0.394629	lidar	0.283206	-18.9545	-9.51544	-18.8904	-9.54017	-4.81012	0.652707
1477010460250000	-19.1154	-9.44644	4.97751	3.0273	-0.401104	radar	3.72649	-18.6983	-9.02886	-19.1305	-9.50447	-4.78851	0.774927
1477010460300000	-19.3809	-9.30064	5.09325	2.94329	-0.493122	lidar	3.07097	-19.2983	-9.09865	-19.3694	-9.46265	-4.76378	0.897083
1477010460350000	-19.612	-9.22768	4.81555	2.90278	-0.521935	radar	0.896114	-19.7037	-8.79906	-19.6069	-9.41472	-4.73591	1.01907
1477010460400000	-19.8729	-9.08456	4.96985	2.83102	-0.588333	lidar	1.08537	-19.8731	-8.96417	-19.8431	-9.36071	-4.70487	1.1408
1477010460450000	-20.1202	-8.96474	5.13775	2.78217	-0.614213	radar	4.7319	-20.3815	-7.6755	-20.0775	-9.30061	-4.67066	1.26215
1477010460500000	-20.2347	-9.18597	4.39453	2.91821	-0.369575	lidar	13.9107	-20.1607	-9.59663	-20.3102	-9.23446	-4.63328	1.38303
1477010460550000	-20.4734	-9.14967	4.69086	2.91226	-0.348587	radar	1.64471	-20.4587	-9.7448	-20.5409	-9.16227	-4.59271	1.50334
1477010460600000	-20.7098	-9.02772	4.77548	2.85948	-0.399731	lidar	0.983199	-20.6596	-8.91527	-20.7696	-9.08409	-4.54895	1.62296
1477010460650000	-20.9551	-8.94762	4.72904	2.83143	-0.415469	radar	2.66664	-21.5568	-8.5005	-20.9959	-8.99994	-4.50202	1.74179
1477010460700000	-21.1464	-8.87987	4.63366	2.81396	-0.40864	lidar	0.924579	-21.0195	-8.85081	-21.2198	-8.90987	-4.45191	1.85972
1477010460750000	-21.3799	-8.80031	4.59948	2.79087	-0.415863	radar	1.99462	-21.8628	-8.64129	-21.4412	-8.81393	-4.39865	1.97666
1477010460800000	-21.5593	-8.78882	4.41754	2.80676	-0.36083	lidar	0.795787	-21.5029	-8.87191	-21.6597	-8.71217	-4.34224	2.0925
1477010460850000	-21.7387	-8.68158	4.03024	2.76171	-0.407151	radar	4.74462	-21.9514	-7.41274	-21.8754	-8.60465	-4.2827	2.20712
1477010460900000	-21.9391	-8.58577	4.09338	2.73191	-0.42176	lidar	0.120761	-21.9793	-8.57089	-22.0881	-8.49143	-4.22007	2.32043
1477010460950000	-22.1514	-8.47834	4.55191	2.70874	-0.416211	radar	2.4157	-22.1914	-7.70392	-22.2975	-8.37258	-4.15437	2.43232
1477010461000000	-22.4061	-8.34779	4.73176	2.67381	-0.439905	lidar	1.79339	-22.5838	-8.35296	-22.5035	-8.24817	-4.08564	2.5427
1477010461050000	-22.5908	-8.24576	4.48782	2.648	-0.449943	radar	0.742316	-22.3177	-8.57758	-22.7061	-8.11829	-4.01391	2.65145
1477010461100000	-22.8726	-7.92434	5.08709	2.51926	-0.607827	lidar	6.20612	-22.9861	-7.6724	-22.9049	-7.98301	-3.93923	2.75848
1477010461150000	-23.0628	-7.7791	4.70086	2.47527	-0.644694	radar	2.74564	-23.2693	-8.32031	-23.1	-7.84243	-3.86163	2.8637
1477010461200000	-23.2982	-7.57822	4.95994	2.42428	-0.675421	lidar	1.90118	-23.4777	-7.56583	-23.2911	-7.69663	-3.78118	2.967
1477010461250000	-23.5105	-7.40449	5.43992	2.41007	-0.627337	radar	1.71981	-23.473	-7.02103	-23.4781	-7.54572	-3.69792	3.06828
1477010461300000	-23.6607	-7.30194	5.10568	2.40798	-0.582152	lidar	1.26511	-23.5408	-7.36069	-23.6609	-7.3898	-3.61191	3.16746
1477010461350000	-23.8618	-7.11123	5.27519	2.37803	-0.579753	radar	0.683751	-24.0505	-6.56968	-23.8393	-7.22897	-3.52321	3.26445
1477010461400000	-23.9946	-7.09641	4.69838	2.41084	-0.485598	lidar	2.74468	-23.9384	-7.26171	-24.0132	-7.06336	-3.43189	3.35916
1477010461450000	-24.1641	-6.91295	4.6686	2.37266	-0.51007	radar	1.87435	-24.3577	-5.94086	-24.1825	-6.89307	-3.33801	3.45149
1477010461500000	-24.3428	-6.60832	5.05247	2.29191	-0.59325	lidar	2.67742	-24.2574	-6.4352	-24.347	-6.71823	-3.24166	3.54138
1477010461550000	-24.5097	-6.43633	4.85799	2.26389	-0.601822	radar	3.41219	-24.788	-7.18367	-24.5066	-6.53896	-3.14289	3.62873
1477010461600000	-24.5758	-6.36927	4.31592	2.26252	-0.550133	lidar	4.98549	-24.3008	-6.43799	-24.6612	-6.35538	-3.0418	3.71347
1477010461650000	-24.7154	-6.19142	4.46971	2.23756	-0.540016	radar	0.401617	-24.6108	-6.00878	-24.8107	-6.16764	-2.93846	3.79553
1477010461700000	-24.9137	-5.94332	4.81423	2.19961	-0.563621	lidar	3.15635	-25.146	-5.91902	-24.955	-5.97587	-2.83295	3.87484
1477010461750000	-25.0478	-5.72655	4.92325	2.16594	-0.567332	radar	1.78299	-24.8975	-5.02285	-25.094	-5.7802	-2.72537	3.95132
1477010461800000	-25.1741	-5.57998	4.71825	2.15684	-0.537119	lidar	0.360166	-25.1941	-5.64372	-25.2276	-5.58079	-2.61581	4.02492
1477010461850000	-25.3317	-5.37796	4.98881	2.14911	-0.49535	radar	1.04575	-25.5328	-5.4399	-25.3556	-5.37777	-2.50435	4.09557
1477010461900000	-25.4888	-5.12652	5.16969	2.11759	-0.508673	lidar	0.461418	-25.5713	-5.10241	-25.4779	-5.1713	-2.39109	4.16322
1477010461950000	-25.6176	-4.94753	5.17827	2.11656	-0.455073	radar	5.85845	-25.0178	-6.55904	-25.5946	-4.96152	-2.27613	4.22781
1477010462000000	-25.7261	-4.81818	4.81775	2.11679	-0.416839	lidar	0.71082	-25.6952	-4.89995	-25.7055	-4.7486	-2.15956	4.2893
1477010462050000	-25.8466	-4.60534	4.83638	2.09376	-0.419867	radar	0.108151	-25.8162	-4.40681	-25.8105	-4.53268	-2.04149	4.34764
1477010462100000	-25.9702	-4.32987	5.06441	2.05488	-0.44874	lidar	0.369628	-25.9516	-4.26659	-25.9096	-4.31392	-1.92202	4.40279
1477010462150000	-26.0753	-4.12348	4.55205	2.00702	-0.530127	radar	11.078	-26.8953	-4.43966	-26.0027	-4.0925	-1.80125	4.45471
1477010462200000	-26.1737	-3.79527	4.99002	1.94811	-0.581618	lidar	1.36611	-26.1198	-3.67723	-26.0897	-3.86856	-1.67928	4.50337
1477010462250000	-26.247	-3.56656	4.72466	1.89452	-0.650009	radar	2.81518	-26.5652	-3.85723	-26.1706	-3.64227	-1.55623	4.54875
1477010462300000	-26.2687	-3.3082	4.7896	1.83845	-0.679606	lidar	4.11622	-25.9974	-3.24722	-26.2453	-3.41381	-1.4322	4.59081
1477010462350000	-26.3192	-3.0716	4.75949	1.79482	-0.702417	radar	0.116198	-26.2976	-3.01078	-26.3138	-3.18332	-1.30729	4.62954
1477010462400000	-26.3335	-2.86932	4.59851	1.75367	-0.707848	lidar	1.38516	-26.1741	-2.87885	-26.376	-2.95098	-1.18162	4.66493
1477010462450000	-26.3899	-2.6729	4.53112	1.74118	-0.657452	radar	1.67427	-26.4681	-3.44967	-26.4319	-2.71697	-1.05529	4.69696
1477010462500000	-26.4532	-2.59932	3.93352	1.73873	-0.616462	lidar	4.24294	-26.674	-2.73852	-26.4815	-2.48143	-0.928411	4.72562
1477010462550000	-26.5079	-2.3838	4.11014	1.72982	-0.563313	radar	1.61007	-26.657	-1.72382	-26.5247	-2.24456	-0.80109	4.75091
1477010462600000	-26.559	-2.17134	4.16872	1.7095	-0.553685	lidar	0.644862	-26.6691	-2.17333	-26.5616	-2.0065	-0.673434	4.77284
1477010462650000	-26.5912	-1.94388	4.3065	1.69662	-0.510492	radar	2.1957	-26.3248	-1.32261	-26.5921	-1.76744	-0.545553	4.79141
1477010462700000	-26.5978	-1.62353	4.7402	1.65428	-0.534759	lidar	1.66565	-26.4671	-1.53207	-26.6161	-1.52753	-0.417552	4.80664
1477010462750000	-26.5917	-1.41009	4.61288	1.60558	-0.587073	radar	1.53283	-26.4998	-2.19526	-26.6338	-1.28695	-0.289538	4.81852
1477010462800000	-26.5975	-1.15872	4.70235	1.57558	-0.588317	lidar	0.026543	-26.5998	-1.14277	-26.6451	-1.04586	-0.161616	4.8271
1477010462850000	-26.6274	-0.948165	4.59556	1.56428	-0.558997	radar	5.13771	-27.2008	-1.67679	-26.65	-0.804425	-0.0338883	4.83238
1477010462900000	-26.6425	-0.647381	4.90261	1.54312	-0.550925	lidar	0.75022	-26.7355	-0.59539	-26.6485	-0.562811	0.0935412	4.83439
1477010462950000	-26.6288	-0.384869	5.01527	1.50008	-0.597422	radar	2.27307	-26.9891	0.0351487	-26.6406	-0.321181	0.220572	4.83317
1477010463000000	-26.5836	-0.0247353	5.48642	1.46236	-0.604871	lidar	1.60638	-26.4553	0.0602653	-26.6264	-0.0796947	0.347104	4.82874
1477010463050000	-26.564	0.245705	5.49172	1.43508	-0.606988	radar	1.77296	-26.9537	0.136943	-26.6059	0.161489	0.473041	4.82116
1477010463100000	-26.5385	0.549633	5.6265	1.41205	-0.597874	lidar	0.420355	-26.6201	0.57588	-26.5792	0.402213	0.598287	4.81045
1477010463150000	-26.5271	0.806066	5.43047	1.40839	-0.536978	radar	2.01053	-26.8241	0.381506	-26.5462	0.642323	0.722748	4.79667
1477010463200000	-26.5207	1.06277	5.37562	1.3948	-0.523548	lidar	2.31109	-26.7293	1.06082	-26.5069	0.881666	0.846334	4.77986
1477010463250000	-26.4789	1.36061	5.38364	1.3936	-0.449655	radar	6.02544	-25.9562	2.60409	-26.4616	1.12009	0.968955	4.76007
1477010463300000	-26.4284	1.5114	4.90965	1.36032	-0.466851	lidar	0.845022	-26.3986	1.42212	-26.4101	1.35745	1.09053	4.73737
1477010463350000	-26.3904	1.67884	4.54445	1.34004	-0.455317	radar	8.41472	-26.5072	-0.563928	-26.3526	1.59361	1.21096	4.71181
1477010463400000	-26.3436	1.83924	4.29212	1.31297	-0.463361	lidar	0.233717	-26.3594	1.79315	-26.2891	1.82841	1.33018	4.68345
1477010463450000	-26.277	2.0488	4.41112	1.2784	-0.494456	radar	0.418095	-26.3475	1.82827	-26.2197	2.06173	1.44811	4.65235
1477010463500000	-26.2209	2.21673	4.23314	1.25101	-0.500393	lidar	0.155795	-26.2502	2.18481	-26.1444	2.29342	1.56467	4.61859
1477010463550000	-26.1607	2.40281	4.06267	1.23424	-0.47627	radar	0.374852	-26.069	2.27896	-26.0633	2.52336	1.67979	4.58223
1477010463600000	-26.0775	2.70951	4.52448	1.2259	-0.44783	lidar	0.940499	-26.0641	2.80701	-25.9765	2.75141	1.79339	4.54334
1477010463650000	-25.9813	2.93776	4.86613	1.17893	-0.516714	radar	2.83655	-26.3234	3.02388	-25.8841	2.97746	1.90543	4.502
1477010463700000	-25.8638	3.30251	5.43601	1.1739	-0.479228	lidar	1.41857	-25.8345	3.42005	-25.7861	3.20139	2.01582	4.45828
1477010463750000	-25.7786	3.55653	5.41013	1.16098	-0.462215	radar	2.13239	-26.1824	3.73376	-25.6826	3.42306	2.12452	4.41227
1477010463800000	-25.6784	3.71298	5.04821	1.12145	-0.48938	lidar	0.584232	-25.6666	3.63509	-25.5737	3.64239	2.23146	4.36404
1477010463850000	-25.5625	3.91656	4.99701	1.08844	-0.505461	radar	1.15794	-25.5773	3.13316	-25.4596	3.85924	2.3366	4.31367
1477010463900000	-25.5067	4.04408	4.57347	1.06161	-0.517659	lidar	3.55098	-25.7492	3.99968	-25.3402	4.07353	2.43989	4.26125
1477010463950000	-25.3862	4.23159	4.58978	1.02852	-0.53152	radar	0.536508	-25.3516	3.75691	-25.2157	4.28514	2.54127	4.20686
1477010464000000	-25.216	4.4959	4.90477	1.00419	-0.520048	lidar	2.26077	-25.0214	4.52803	-25.0863	4.49399	2.64071	4.15058
1477010464050000	-25.0674	4.67946	4.62556	0.977302	-0.501269	radar	8.84993	-24.2719	4.30917	-24.9518	4.69998	2.73817	4.09251
1477010464100000	-24.9534	4.86998	4.59904	0.957403	-0.495914	lidar	0.376838	-25.0363	4.88499	-24.8126	4.90303	2.83361	4.03273
1477010464150000	-24.7974	5.0551	4.64491	0.924733	-0.505739	radar	2.32762	-24.3609	4.95947	-24.6686	5.10304	2.92701	3.97132
1477010464200000	-24.6197	5.30706	4.92697	0.910525	-0.482821	lidar	1.01408	-24.5041	5.35293	-24.5201	5.29995	3.01833	3.90839
1477010464250000	-24.4449	5.49986	5.1816	0.870598	-0.519265	radar	0.60413	-24.4379	5.24592	-24.367	5.49367	3.10754	3.84401
1477010464300000	-24.2538	5.66822	5.13616	0.828443	-0.54084	lidar	1.19782	-24.1159	5.61152	-24.2095	5.68414	3.19464	3.77827
1477010464350000	-24.0915	5.82658	5.09068	0.792273	-0.561247	radar	3.07417	-24.5638	4.75836	-24.0477	5.8713	3.27959	3.71127
1477010464400000	-23.9175	5.97566	4.99031	0.75474	-0.576654	lidar	0.0875403	-23.9153	5.94377	-23.8818	6.05508	3.36239	3.64309
1477010464450000	-23.7805	6.12854	4.24231	0.748776	-0.516575	radar	3.0792	-23.5491	6.44495	-23.7117	6.23542	3.44302	3.57383
1477010464500000	-23.6269	6.27847	4.25581	0.726287	-0.511936	lidar	0.0313415	-23.6471	6.29102	-23.5377	6.41227	3.52148	3.50357
1477010464550000	-23.4847	6.41865	4.16462	0.706585	-0.503212	radar	1.01809	-23.7544	6.53746	-23.3598	6.58559	3.59775	3.4324
1477010464600000	-23.2368	6.71813	4.76513	0.73134	-0.41588	lidar	5.16114	-23.0099	6.86182	-23.1781	6.75533	3.67185	3.36041
1477010464650000	-23.0451	6.84292	4.67719	0.694234	-0.436831	radar	5.39065	-22.7862	5.74143	-22.9928	6.92146	3.74376	3.28768
1477010464700000	-22.8251	7.03951	4.89351	0.684643	-0.413486	lidar	1.00334	-22.6991	7.063	-22.804	7.08393	3.8135	3.21431
1477010464750000	-22.6099	7.18205	5.07777	0.648563	-0.441333	radar	1.55439	-22.418	6.76159	-22.6117	7.24273	3.88106	3.14038
1477010464800000	-22.4295	7.31505	4.97834	0.622831	-0.449552	lidar	0.354633	-22.5083	7.31524	-22.4161	7.39782	3.94647	3.06598
1477010464850000	-22.1889	7.47746	5.48168	0.590785	-0.476462	radar	1.25543	-22.0543	7.85452	-22.2173	7.54917	4.00974	2.99118
1477010464900000	-22.0018	7.63408	5.39917	0.577466	-0.466029	lidar	2.18671	-22.1947	7.69478	-22.0154	7.69679	4.07087	2.91607
1477010464950000	-21.8134	7.81738	4.94565	0.591403	-0.393136	radar	5.28292	-21.6178	9.0351	-21.8105	7.84064	4.12989	2.84074
1477010465000000	-21.6176	7.94348	4.89892	0.568708	-0.398752	lidar	0.0540947	-21.6473	7.94	-21.6026	7.98072	4.18681	2.76526
1477010465050000	-21.4309	8.06542	4.82018	0.548647	-0.400943	radar	1.48614	-21.8637	7.78661	-21.392	8.11703	4.24166	2.68971
1477010465100000	-21.235	8.0492	4.49198	0.466615	-0.491577	lidar	4.37692	-21.0853	7.83229	-21.1787	8.24957	4.29447	2.61417
1477010465150000	-21.0501	8.17213	4.13246	0.462403	-0.451383	radar	4.07562	-20.5503	9.28616	-20.9628	8.37833	4.34526	2.53871
1477010465200000	-20.8784	8.3439	4.2395	0.480398	-0.39457	lidar	3.26222	-21.0519	8.50983	-20.7444	8.50333	4.39406	2.46341
1477010465250000	-20.6255	8.47528	4.91435	0.458702	-0.406823	radar	5.13717	-19.9265	9.40847	-20.5237	8.62457	4.4409	2.38835
1477010465300000	-20.3519	8.64609	5.1613	0.463075	-0.365089	lidar	1.43452	-20.21	8.68914	-20.3006	8.74206	4.48582	2.31358
1477010465350000	-20.1575	8.7687	4.68903	0.466363	-0.318826	radar	1.13792	-20.2277	8.8532	-20.0753	8.85583	4.52884	2.23919
1477010465400000	-19.9744	8.85759	4.59053	0.445632	-0.328713	lidar	0.451341	-20.0633	8.86724	-19.848	8.96589	4.57001	2.16524
1477010465450000	-19.7853	8.94855	4.39035	0.431328	-0.322223	radar	0.277941	-19.9264	8.78179	-19.6186	9.07227	4.60937	2.09179
1477010465500000	-19.5721	9.02197	4.3958	0.4049	-0.335204	lidar	0.561807	-19.4861	8.96665	-19.3873	9.17499	4.64694	2.01891
1477010465550000	-19.3194	9.14751	4.84993	0.397863	-0.324697	radar	4.999	-18.5719	10.2069	-19.1542	9.27409	4.68278	1.94666
1477010465600000	-19.0064	9.2702	5.13684	0.388042	-0.306282	lidar	6.24975	-18.6786	9.19191	-18.9193	9.36959	4.71692	1.8751
1477010465650000	-18.7917	9.35374	5.04026	0.368983	-0.313488	radar	1.69467	-19.2825	8.98189	-18.6827	9.46154	4.7494	1.80429
1477010465700000	-18.5226	9.47036	5.1797	0.363996	-0.294738	lidar	0.578951	-18.4242	9.46852	-18.4446	9.54996	4.78028	1.73429
1477010465750000	-18.2452	9.525	5.55804	0.318862	-0.348967	radar	4.29207	-18.1634	8.72444	-18.2049	9.63492	4.80959	1.66514
1477010465800000	-17.9162	9.68441	5.86076	0.333583	-0.296772	lidar	1.52252	-17.7736	9.72478	-17.9639	9.71643	4.83737	1.59691
1477010465850000	-17.6579	9.79935	5.35904	0.3436	-0.239703	radar	2.7268	-17.2296	9.97767	-17.7214	9.79457	4.86368	1.52964
1477010465900000	-17.3916	9.89452	5.40849	0.333496	-0.235434	lidar	0.138095	-17.3436	9.88109	-17.4777	9.86936	4.88856	1.46338
1477010465950000	-17.1307	9.99057	5.52969	0.323113	-0.237038	radar	0.344185	-17.1554	10.212	-17.2328	9.94087	4.91205	1.39818
1477010466000000	-16.8642	10.102	5.58214	0.322335	-0.221068	lidar	0.14788	-16.8876	10.145	-16.9868	10.0091	4.93421	1.33408
1477010466050000	-16.5973	10.1854	5.60856	0.308516	-0.226054	radar	0.0391132	-16.5958	10.1078	-16.7396	10.0743	4.95507	1.27113
1477010466100000	-16.3735	10.2585	5.46664	0.293409	-0.235996	lidar	1.25231	-16.5153	10.3091	-16.4915	10.1362	4.97469	1.20937
1477010466150000	-16.1029	10.3458	5.61595	0.282773	-0.238317	radar	0.359811	-16.09	10.5824	-16.2424	10.1952	4.99311	1.14883
1477010466200000	-15.9149	10.3065	5.20805	0.219675	-0.319579	lidar	1.99614	-16.006	10.1843	-15.9924	10.2511	5.01039	1.08956
1477010466250000	-15.6712	10.3639	5.09597	0.206623	-0.313255	radar	0.100712	-15.7234	10.41	-15.7416	10.3041	5.02655	1.03159
1477010466300000	-15.4938	10.3121	4.76974	0.143351	-0.3892	lidar	1.71536	-15.5699	10.1904	-15.4899	10.3543	5.04166	0.974957
1477010466350000	-15.1707	10.3725	5.49847	0.130539	-0.38391	radar	6.94295	-14.2385	10.9109	-15.2376	10.4016	5.05576	0.919692
1477010466400000	-14.8999	10.4247	5.50982	0.120251	-0.37102	lidar	0.200518	-14.9365	10.4722	-14.9846	10.4462	5.06889	0.865828
1477010466450000	-14.6753	10.4342	4.75098	0.102871	-0.35135	radar	5.56287	-14.724	9.63507	-14.7309	10.4882	5.0811	0.813394
1477010466500000	-14.4629	10.3808	4.61239	0.0466204	-0.409129	lidar	1.73526	-14.4088	10.222	-14.4766	10.5276	5.09243	0.762418
1477010466550000	-14.207	10.3962	4.8031	0.0292428	-0.404795	radar	0.727249	-13.9005	10.5238	-14.2218	10.5645	5.10293	0.712926
1477010466600000	-13.8545	10.6	5.23138	0.117832	-0.237654	lidar	8.43014	-13.8049	10.9383	-13.9665	10.5989	5.11263	0.664944
1477010466650000	-13.6051	10.6503	4.91069	0.124445	-0.198938	radar	0.849202	-13.3956	10.7857	-13.7107	10.631	5.12159	0.618496
1477010466700000	-13.3778	10.6387	4.82474	0.0921951	-0.231715	lidar	0.504642	-13.3556	10.5517	-13.4545	10.6608	5.12983	0.573603
1477010466750000	-13.1123	10.6643	5.10676	0.0799409	-0.237067	radar	0.468795	-12.9374	10.8137	-13.1979	10.6884	5.13741	0.530288
1477010466800000	-12.8422	10.7778	5.23049	0.117168	-0.166933	lidar	3.88117	-12.9591	11.0099	-12.9409	10.7138	5.14436	0.48857
1477010466850000	-12.569	10.8348	5.23329	0.125456	-0.139323	radar	1.20246	-12.2518	11.2495	-12.6836	10.7373	5.15071	0.448467
1477010466900000	-12.3666	10.773	4.96439	0.0675488	-0.214747	lidar	1.89577	-12.3713	10.6091	-12.426	10.7587	5.15651	0.409997
1477010466950000	-12.1167	10.7992	4.88078	0.0643667	-0.200297	radar	0.28734	-11.9352	10.9161	-12.1681	10.7783	5.16179	0.373177
1477010467000000	-11.8613	10.8804	4.97051	0.0879728	-0.152993	lidar	2.06622	-11.9451	11.0515	-11.91	10.7961	5.16658	0.338022
1477010467050000	-11.5723	10.9084	5.18719	0.0844557	-0.146738	radar	2.86887	-10.9703	10.9676	-11.6516	10.8121	5.17092	0.304546
1477010467100000	-11.3574	10.9131	5.03918	0.0653979	-0.166774	lidar	0.62039	-11.4548	10.9407	-11.393	10.8265	5.17484	0.272761
1477010467150000	-11.0661	10.8783	5.92281	0.013618	-0.257419	radar	5.0562	-11.3472	10.5111	-11.1342	10.8394	5.17836	0.242681
1477010467200000	-10.745	10.8438	5.9763	-0.0154839	-0.277528	lidar	2.51931	-10.6009	10.6823	-10.8753	10.8509	5.18153	0.214317
1477010467250000	-10.4843	10.8515	5.50297	-0.0171005	-0.247743	radar	1.05656	-10.6563	10.8369	-10.6161	10.8609	5.18435	0.187679
1477010467300000	-10.2742	10.8242	5.28614	-0.0461585	-0.277404	lidar	1.33589	-10.4142	10.8747	-10.3569	10.8697	5.18687	0.162776
1477010467350000	-10.0489	10.8535	4.5456	-0.031447	-0.217513	radar	3.535	-9.90413	11.2255	-10.0976	10.8772	5.1891	0.139618
1477010467400000	-9.78982	10.9184	4.68157	-0.00483818	-0.163389	lidar	2.13503	-9.83445	11.1032	-9.83809	10.8837	5.19106	0.118212
1477010467450000	-9.58993	10.8733	4.73852	-0.0426115	-0.21557	radar	3.8396	-10.195	10.3498	-9.57852	10.8891	5.19278	0.0985664
1477010467500000	-9.3142	10.9167	4.88679	-0.0228437	-0.169934	lidar	0.917465	-9.3066	11.0348	-9.31887	10.8936	5.19428	0.0806865
1477010467550000	-9.08899	10.8795	4.7847	-0.0482036	-0.193928	radar	2.33429	-9.2226	10.3527	-9.05915	10.8972	5.19557	0.0645787
1477010467600000	-8.80151	10.9305	4.97174	-0.0212724	-0.139133	lidar	1.29733	-8.78899	11.0707	-8.79937	10.9001	5.19667	0.050248
1477010467650000	-8.58544	10.8703	4.85791	-0.0599921	-0.187137	radar	6.17266	-8.83914	10.0319	-8.53953	10.9023	5.19759	0.0376992
1477010467700000	-8.47129	10.7665	4.38929	-0.129936	-0.282078	lidar	2.79452	-8.62045	10.6577	-8.27965	10.9039	5.19835	0.0269359
1477010467750000	-8.23498	10.7652	4.34995	-0.125451	-0.251328	radar	1.56302	-7.91543	11.1157	-8.01974	10.905	5.19896	0.0179617
1477010467800000	-7.81021	10.8653	5.00697	-0.0410517	-0.0982262	lidar	8.0343	-7.51971	11.0005	-7.75979	10.9057	5.19942	0.0107791
1477010467850000	-7.55008	10.8612	4.85162	-0.0341937	-0.0701492	radar	1.68136	-7.25987	10.6458	-7.49981	10.9061	5.19975	0.00539029
1477010467900000	-7.25686	10.8635	5.03092	-0.0250907	-0.0482903	lidar	0.761795	-7.15631	10.815	-7.23983	10.9063	5.19994	0.00179692
1477010467950000	-7.04763	10.8768	4.61294	-0.0135103	-0.0169514	radar	2.08984	-7.39396	11.0181	-6.97983	10.9064	5.2	-7.84874e-15
